Максимальное в поколении: 
-0.257035
-0.257294
-0.257035
-0.281353
-0.257813
-0.257813
-0.257035
-0.25197
-0.25197
-0.25197
-0.257035
-0.25
-0.25
-0.25
-0.25
-0.25
-0.25
-0.25
-0.25
-0.25
-0.25
-0.25
-0.25
-0.25
-0.25
-0.25
-0.25
-0.25
-0.25
-0.25
-0.25
-0.25
-0.25
-0.25
-0.25
-0.25
-0.25
-0.25
-0.25
-0.25
-0.25
-0.25
-0.25
-0.25
-0.25
-0.25
-0.25
-0.25
-0.25
-0.25
-0.25
-0.25
-0.25
-0.25
-0.25
-0.25
-0.25
-0.25
-0.25
-0.25
-0.25
-0.25
-0.25
-0.25
-0.25
-0.25
-0.25
-0.25
-0.25
-0.25
-0.25
-0.25
-0.25
-0.25
-0.25
-0.25
-0.25
-0.25
-0.25
-0.25
-0.25
-0.25
-0.25
-0.25
-0.25
-0.25
-0.25
-0.25
-0.25
-0.25
-0.25
-0.25
-0.25
-0.25
-0.25
-0.25
-0.25
-0.25
-0.25
-0.25

Среднее в поколении: 
-0.534947
-0.518371
-0.433406
-0.768888
-0.413122
-0.397124
-0.442539
-0.529177
-0.514223
-0.897475
-0.904791
-0.945372
-0.5064
-0.477903
-0.573029
-0.493456
-0.470943
-0.413265
-0.355188
-0.359262
-0.359561
-0.38603
-0.384268
-0.301354
-0.288432
-0.29035
-0.300947
-0.291356
-0.281254
-0.272575
-0.284931
-0.282419
-0.303391
-0.275704
-0.290059
-0.265239
-0.267652
-0.267802
-0.25778
-0.258286
-0.268203
-0.266935
-0.268379
-0.255718
-0.255916
-0.255941
-0.26853
-0.268625
-0.27
-0.259364
-0.259084
-0.25883
-0.274432
-0.274641
-0.272636
-0.274896
-0.26043
-0.261386
-0.27435
-0.278509
-0.278649
-0.278762
-0.300279
-0.304258
-0.301273
-0.303217
-0.326527
-0.334881
-0.337334
-0.352324
-0.353026
-0.325721
-0.326363
-0.322898
-0.327718
-0.338803
-0.34487
-0.315728
-0.311648
-0.306788
-0.288527
-0.292654
-0.297105
-0.30993
-0.371572
-0.352597
-0.313408
-0.308689
-0.308883
-0.354958
-0.342149
-0.336124
-0.340079
-0.341863
-0.341347
-0.353669
-0.343553
-0.375928
-0.392502
-0.41195
